598.965722 92.567245
598.979681 88.399416
598.993640 84.361274
599.007599 80.541365
599.021558 76.836964
599.035517 73.103948
599.049476 69.594240
599.063435 66.397915
599.077394 63.340070
599.091353 60.602377
599.105312 58.324906
599.119271 56.448460
599.133230 54.968847
599.147189 53.805373
599.161148 53.323963
599.175107 53.695036
599.189066 54.523671
599.203025 55.505246
599.216984 57.197244
599.230943 59.353147
599.244902 61.762552
599.258861 64.573233
599.272820 67.780367
599.286779 71.192550
599.300738 74.708975
599.314697 78.472226
599.328656 82.196494
599.342615 86.106048
599.356574 90.016611
599.370533 94.111307
599.384492 98.129085
599.398451 101.839102
599.412410 105.625439
599.426369 109.213356
599.440328 112.752524
599.454287 115.967445
599.468247 118.935347
599.482206 121.716543
599.496165 124.025914
599.510124 125.919887
599.524083 127.216069
599.538042 128.090760
599.552001 128.555002
599.565960 128.154959
599.579919 127.301438
599.593878 126.076433
599.607837 124.241667
599.621796 121.834844
599.635755 119.237496
599.649714 116.173422
599.663673 112.686080
599.677632 109.300878
599.691591 105.736011
599.705550 101.827771
599.719509 97.876303
599.733468 93.779797
599.747427 89.877558
599.761386 85.852549
599.775345 81.981541
599.789304 78.000344
599.803263 74.101790
599.817222 70.580730
599.831181 67.117783
599.845140 64.103705
599.859099 60.923296
599.873058 58.377192
599.887017 56.324305
599.900976 54.465900
599.914935 53.465184
599.928894 52.744212
599.942853 52.923455
599.956812 53.289805
599.970771 54.365127
599.984730 56.019126
599.998690 57.917254
600.012649 60.418971
600.026608 63.144668
600.040567 66.270747
600.054526 69.684601
600.068485 73.189062
600.082444 76.886975
600.096403 80.777929
600.110362 84.732381
600.124321 88.727744
600.138280 92.790648
600.152239 96.796357
600.166198 100.695321
600.180157 104.675759
600.194116 108.441996
600.208075 111.937155
600.222034 115.459308
600.235993 118.581647
600.249952 121.329602
600.263911 123.855725
600.277870 126.044351
600.291829 127.329099
600.305788 128.471037
600.319747 128.759446
600.333706 128.730201
600.347665 128.119418
600.361624 126.787193
600.375583 124.917346
600.389542 122.687521
600.403501 120.071599
600.417460 117.056003
600.431419 113.769603
600.445378 110.295130
600.459337 106.721077
600.473296 102.752121
600.487255 98.825551
600.501214 94.760249
600.515173 90.700146
600.529132 86.486977
600.543092 82.637140
600.557051 78.521681
600.571010 74.799890
600.584969 71.038161
600.598928 67.394031
600.612887 64.184170
600.626846 61.109950
600.640805 58.507315
600.654764 56.052732
600.668723 54.421419
600.682682 53.269842
600.696641 52.383253
600.710600 52.203869
600.724559 52.743123
600.738518 53.826765
600.752477 55.296327
600.766436 57.294829
600.780395 59.914980
600.794354 62.646236
600.808313 65.681191
600.822272 69.148056
600.836231 72.632184
600.850190 76.451920
600.864149 80.478281
600.878108 84.465483
600.892067 88.366206
600.906026 92.582203
600.919985 96.752831
600.933944 100.551637
600.947903 104.685803
600.961862 108.450936
600.975821 112.030408
600.989780 115.397467
601.003739 118.638876
601.017698 121.490303
601.031657 123.987099
601.045616 126.126942
601.059575 127.678263
601.073534 128.635381
601.087494 129.180694
601.101453 128.937700
601.115412 128.154114
601.129371 127.041787
601.143330 125.195807
601.157289 122.930508
601.171248 120.109488
601.185207 117.163595
601.199166 113.860397
601.213125 110.175486
601.227084 106.565544
601.241043 102.692115
601.255002 98.539760
601.268961 94.562778
601.282920 90.380048
601.296879 86.324456
601.310838 82.357891
601.324797 78.506837
601.338756 74.433823
601.352715 70.559331
601.366674 67.160534
601.380633 63.959940
601.394592 60.901101
601.408551 58.096944
601.422510 55.861964
601.436469 53.852420
601.450428 52.845112
601.464387 51.942030
601.478346 52.068805
601.492305 52.470460
601.506264 53.543681
601.520223 55.316979
601.534182 57.419967
601.548141 59.837387
601.562100 62.870363
601.576059 66.227357
601.590018 69.496629
601.603977 73.340989
601.617936 77.052126
601.631896 81.037425
601.645855 85.277916
601.659814 89.277444
601.673773 93.116634
601.687732 97.353874
601.701691 101.473514
601.715650 105.198821
601.729609 109.235591
601.743568 112.744347
601.757527 116.192834
601.771486 119.342111
601.785445 122.257158
601.799404 124.732445
601.813363 126.888496
601.827322 128.375970
601.841281 129.230055
601.855240 129.705648
601.869199 129.452136
601.883158 128.551991
601.897117 127.202337
601.911076 125.073365
601.925035 122.691812
601.938994 119.941453
601.952953 116.700054
601.966912 113.321638
601.980871 109.698062
601.994830 105.946333
602.008789 101.883476
602.022748 97.938104
602.036707 93.755377
602.050666 89.493843
602.064625 85.449975
602.078584 81.367648
602.092543 77.206475
602.106502 73.258044
602.120461 69.402710
602.134420 66.020962
602.148379 62.639136
602.162338 59.649880
602.176298 57.004893
602.190257 54.813595
602.204216 53.332682
602.218175 52.366682
602.232134 51.497874
602.246093 51.577329
602.260052 52.301999
602.274011 53.639900
602.287970 55.522129
602.301929 57.704440
602.315888 60.426729
602.329847 63.385259
602.343806 66.703000
602.357765 70.443056
602.371724 74.123994
602.385683 78.095685
602.399642 82.041381
602.413601 86.125542
602.427560 90.251178
602.441519 94.497016
602.455478 98.611188
602.469437 102.722843
602.483396 106.800689
602.497355 110.619503
602.511314 114.286901
602.525273 117.694685
602.539232 120.782164
602.553191 123.634346
602.567150 125.947125
602.581109 127.869216
602.595068 129.289322
602.609027 130.039877
602.622986 130.120701
602.636945 129.639069
602.650904 128.450904
602.664863 126.834561
602.678822 124.661392
602.692781 122.068832
602.706740 119.051550
602.720700 115.747855
602.734659 112.154153
602.748618 108.383976
602.762577 104.484619
602.776536 100.457499
602.790495 96.228662
602.804454 91.994663
602.818413 87.773406
602.832372 83.629912
602.846331 79.544773
602.860290 75.520594
602.874249 71.524940
602.888208 68.051969
602.902167 64.545545
602.916126 61.137788
602.930085 58.316393
602.944044 55.826860
602.958003 53.727364
602.971962 52.186700
602.985921 51.339317
602.999880 51.008836
603.013839 51.469118
603.027798 52.453979
603.041757 54.039520
603.055716 55.831108
603.069675 58.583019
603.083634 61.329763
603.097593 64.485463
603.111552 68.166004
603.125511 71.730356
603.139470 75.741828
603.153429 79.843935
603.167388 84.071233
603.181347 88.229444
603.195306 92.360327
603.209265 96.529501
603.223224 100.761632
603.237183 104.782928
603.251142 108.928592
603.265102 112.738998
603.279061 116.298079
603.293020 119.573958
603.306979 122.567817
603.320938 125.237553
603.334897 127.438182
603.348856 129.039308
603.362815 130.220823
603.376774 130.614214
603.390733 130.424758
603.404692 129.605898
603.418651 128.167969
603.432610 126.239096
603.446569 123.739533
603.460528 120.907039
603.474487 117.780006
603.488446 114.096225
603.502405 110.314044
603.516364 106.562314
603.530323 102.498415
603.544282 98.278637
603.558241 94.019005
603.572200 89.757445
603.586159 85.467684
603.600118 81.242398
603.614077 77.197171
603.628036 73.203122
603.641995 69.217165
603.655954 65.645062
603.669913 62.224886
603.683872 59.013570
603.697831 56.425678
603.711790 54.050155
603.725749 52.240862
603.739708 51.128226
603.753667 50.719670
603.767626 50.865361
603.781585 51.616353
603.795544 52.852482
603.809504 54.950532
603.823463 57.139411
603.837422 59.895076
603.851381 63.211799
603.865340 66.651391
603.879299 70.442775
603.893258 74.225503
603.907217 78.283369
603.921176 82.508433
603.935135 86.941270
603.949094 91.157839
603.963053 95.372919
603.977012 99.481075
603.990971 103.603906
604.004930 107.703150
604.018889 111.663935
604.032848 115.394268
604.046807 118.785404
604.060766 122.051794
604.074725 124.788066
604.088684 127.308103
604.102643 129.049010
604.116602 130.296855
604.130561 130.973086
604.144520 130.850420
604.158479 130.239341
604.172438 128.940416
604.186397 127.046564
604.200356 124.804962
604.214315 121.928073
604.228274 118.741320
604.242233 115.298480
604.256192 111.571132
604.270151 107.552580
604.284110 103.488046
604.298069 99.288047
604.312028 94.916426
604.325987 90.737627
604.339947 86.425695
604.353906 82.136264
604.367865 78.038400
604.381824 73.936452
604.395783 69.893282
604.409742 66.035483
604.423701 62.672402
604.437660 59.462793
604.451619 56.518006
604.465578 54.388043
604.479537 52.323366
604.493496 51.075987
604.507455 50.693721
604.521414 50.464676
604.535373 51.044822
604.549332 51.954583
604.563291 53.849686
604.577250 56.493586
604.591209 59.221001
604.605168 62.341687
604.619127 65.738649
604.633086 69.625263
604.647045 73.518483
604.661004 77.537172
604.674963 81.780464
604.688922 86.036519
604.702881 90.323070
604.716840 94.733739
604.730799 98.970320
604.744758 103.184168
604.758717 107.418599
604.772676 111.302028
604.786635 115.122857
604.800594 118.639823
604.814553 121.954571
604.828512 124.899182
604.842471 127.378067
604.856430 129.483536
604.870389 130.761073
604.884349 131.446798
604.898308 131.487245
604.912267 130.836408
604.926226 129.672074
604.940185 127.844610
604.954144 125.510049
604.968103 122.785470
604.982062 119.504227
604.996021 115.867659
605.009980 112.200975
605.023939 108.279749
605.037898 104.047640
605.051857 99.892996
605.065816 95.606341
605.079775 91.300321
605.093734 87.013624
605.107693 82.723616
605.121652 78.439241
605.135611 74.215401
605.149570 70.150085
605.163529 66.431976
605.177488 63.237420
605.191447 59.842602
605.205406 56.852965
605.219365 54.187338
605.233324 52.572198
605.247283 51.379414
605.261242 50.461389
605.275201 50.669391
605.289160 51.187335
605.303119 52.114415
605.317078 54.163451
605.331037 56.637958
605.344996 59.095430
605.358955 62.481172
605.372914 66.005148
605.386873 69.899219
605.400832 73.968524
605.414791 78.123855
605.428751 82.306483
605.442710 86.562776
605.456669 90.945752
605.470628 95.384464
605.484587 99.566939
605.498546 103.829546
605.512505 107.902296
605.526464 112.162025
605.540423 115.892307
605.554382 119.396066
605.568341 122.765314
605.582300 125.880309
605.596259 128.226890
605.610218 130.236858
605.624177 131.480214
605.638136 132.443292
605.652095 132.557729
605.666054 131.810202
605.680013 130.591928
605.693972 128.695301
605.707931 126.200487
605.721890 123.466735
605.735849 120.299232
605.749808 116.724987
605.763767 112.965954
605.777726 108.892203
605.791685 104.773272
605.805644 100.594391
605.819603 96.392488
605.833562 92.060485
605.847521 87.702781
605.861480 83.547694
605.875439 79.256610
605.889398 75.123070
605.903357 71.314837
605.917316 67.493200
605.931275 64.101866
