547.457198 76.749705
547.472497 77.021433
547.487797 80.003812
547.503097 85.133481
547.518396 91.231099
547.533696 96.718182
547.548995 100.304911
547.564295 101.153699
547.579595 98.999135
547.594894 94.366413
547.610194 88.444394
547.625494 82.650358
547.640793 78.315176
547.656093 76.473288
547.671393 77.500922
547.686692 81.250077
547.701992 86.749695
547.717291 92.765794
547.732591 97.889300
547.747891 100.851288
547.763190 100.847634
547.778490 97.907246
547.793790 92.735861
547.809089 86.680392
547.824389 81.062774
547.839688 77.267792
547.854988 76.186334
547.870288 78.126953
547.885587 82.594065
547.900887 88.421639
547.916187 94.235525
547.931486 98.853957
547.946786 100.999645
547.962085 100.218356
547.977385 96.519781
547.992685 90.946368
548.007984 84.849953
548.023284 79.580399
548.038584 76.422712
548.053883 76.303797
548.069183 79.077693
548.084482 84.124912
548.099782 90.147011
548.115082 95.792085
548.130381 99.780073
548.145681 101.100157
548.160981 99.390086
548.176280 95.038681
548.191580 89.092831
548.206880 83.076453
548.222179 78.214890
548.237479 75.920007
548.252778 76.724131
548.268078 80.321255
548.283378 85.803775
548.298677 91.917348
548.313977 97.252415
548.329277 100.505389
548.344576 100.877871
548.359876 98.276325
548.375175 93.364660
548.390475 87.294998
548.405775 81.468042
548.421074 77.326375
548.436374 75.842641
548.451674 77.462009
548.466973 81.895494
548.482273 87.809847
548.497572 93.824525
548.512872 98.638274
548.528172 101.035146
548.543471 100.386435
548.558771 96.913208
548.574071 91.455241
548.589370 85.298353
548.604670 79.903019
548.619970 76.463358
548.635269 75.900586
548.650569 78.487658
548.665868 83.507971
548.681168 89.639708
548.696468 95.540465
548.711767 99.725197
548.727067 101.177702
548.742367 99.543843
548.757666 95.283059
548.772966 89.415211
548.788265 83.275370
548.803565 78.355381
548.818865 75.938701
548.834164 76.482985
548.849464 79.940615
548.864764 85.497816
548.880063 91.741980
548.895363 97.229428
548.910662 100.620708
548.925962 100.999122
548.941262 98.377120
548.956561 93.390642
548.971861 87.198192
548.987161 81.385334
549.002460 77.222629
549.017760 75.791453
549.033060 77.419132
549.048359 81.741547
549.063659 87.636558
549.078958 93.766133
549.094258 98.666010
549.109558 101.112779
549.124857 100.427819
549.140157 96.857969
549.155457 91.226467
549.170756 84.977626
549.186056 79.581747
549.201355 76.285406
549.216655 75.972776
549.231955 78.691734
549.247254 83.752386
549.262554 89.919098
549.277854 95.787795
549.293153 99.892598
549.308453 101.293597
549.323752 99.478546
549.339052 95.041403
549.354352 89.030219
549.369651 82.862184
549.384951 78.042478
549.400251 75.814477
549.415550 76.696213
549.430850 80.402387
549.446150 86.060309
549.461449 92.294152
549.476749 97.617887
549.492048 100.806668
549.507348 100.981619
549.522648 98.099976
549.537947 92.924088
549.553247 86.659214
549.568547 80.756037
549.583846 76.796905
549.599146 75.748923
549.614445 77.727827
549.629745 82.380095
549.645045 88.444658
549.660344 94.488558
549.675644 99.144151
549.690944 101.233830
549.706243 100.227518
549.721543 96.301060
549.736842 90.521934
549.752142 84.272622
549.767442 78.953069
549.782741 75.996488
549.798041 76.090553
549.813341 79.258454
549.828640 84.683996
549.843940 90.912873
549.859240 96.639644
549.874539 100.375572
549.889839 101.197618
549.905138 98.966083
549.920438 94.155751
549.935738 87.999178
549.951037 81.903659
549.966337 77.386013
549.981637 75.568883
549.996936 76.967103
550.012236 81.152109
550.027535 87.147677
550.042835 93.368504
550.058135 98.465698
550.073434 101.119417
550.088734 100.668287
550.104034 97.219493
550.119333 91.677720
550.134633 85.405027
550.149932 79.826869
550.165232 76.299451
550.180532 75.787539
550.195831 78.427106
550.211131 83.555741
550.226431 89.824278
550.241730 95.732012
550.257030 99.912550
550.272330 101.252318
550.287629 99.475046
550.302929 94.955830
550.318228 88.911641
550.333528 82.774041
550.348828 77.921617
550.364127 75.602548
550.379427 76.468210
550.394727 80.375102
550.410026 86.118926
550.425326 92.492412
550.440625 97.880880
550.455925 101.021844
550.471225 100.986028
550.486524 97.891940
550.501824 92.573871
550.517124 86.240449
550.532423 80.477025
550.547723 76.602722
550.563022 75.664559
550.578322 77.957984
550.593622 82.713423
550.608921 88.927585
550.624221 95.089265
550.639521 99.664755
550.654820 101.466792
550.670120 100.044246
550.685419 95.732526
550.700719 89.691704
550.716019 83.395182
550.731318 78.370704
550.746618 75.752918
550.761918 76.246460
550.777217 79.755977
550.792517 85.412833
550.807817 91.848161
550.823116 97.466771
550.838416 100.885652
550.853715 101.251232
550.869015 98.385388
550.884315 93.145079
550.899614 86.742420
550.914914 80.841776
550.930214 76.710958
550.945513 75.511170
550.960813 77.573472
550.976112 82.283462
550.991412 88.441086
551.006712 94.682988
551.022011 99.372958
551.037311 101.488916
551.052611 100.388254
551.067910 96.256944
551.083210 90.284359
551.098509 83.881051
551.113809 78.583025
551.129109 75.721079
551.144408 76.082849
551.159708 79.519019
551.175008 85.127630
551.190307 91.515669
551.205607 97.218171
551.220907 100.838452
551.236206 101.411386
551.251506 98.760440
551.266805 93.594317
551.282105 87.201089
551.297405 81.123135
551.312704 76.808303
551.328004 75.415637
551.343304 77.414462
551.358603 82.068809
551.373903 88.291238
551.389202 94.549931
551.404502 99.347852
551.419802 101.595160
551.435101 100.523017
551.450401 96.544347
551.465701 90.587170
551.481000 84.118847
551.496300 78.674166
551.511599 75.673485
551.526899 75.969017
551.542199 79.364069
551.557498 84.941769
551.572798 91.446156
551.588098 97.224548
551.603397 100.856428
551.618697 101.464777
551.633997 98.855264
551.649296 93.689464
551.664596 87.275817
551.679895 81.146744
551.695195 76.750088
551.710495 75.362530
551.725794 77.189638
551.741094 81.930860
551.756394 88.255041
551.771693 94.577397
551.786993 99.436272
551.802292 101.674929
551.817592 100.562047
551.832892 96.541748
551.848191 90.480557
551.863491 84.013470
551.878791 78.602141
551.894090 75.604702
551.909390 75.806740
551.924689 79.283856
551.939989 84.977574
551.955289 91.554180
551.970588 97.393056
551.985888 101.041640
552.001188 101.553950
552.016487 98.844768
552.031787 93.513677
552.047087 87.038030
552.062386 80.935632
552.077686 76.639626
552.092985 75.343386
552.108285 77.358425
552.123585 82.109591
552.138884 88.450094
552.154184 94.874148
552.169484 99.707338
552.184783 101.850260
552.200083 100.577449
552.215382 96.285371
552.230682 90.142348
552.245982 83.624609
552.261281 78.338629
552.276581 75.517663
552.291881 75.979612
552.307180 79.641487
552.322480 85.466824
552.337779 91.955745
552.353079 97.727270
552.368379 101.277012
552.383678 101.636164
552.398978 98.586244
552.414278 93.122765
552.429577 86.535722
552.444877 80.510172
552.460177 76.366164
552.475476 75.310207
552.490776 77.590323
552.506075 82.625280
552.521375 88.994346
552.536675 95.318617
552.551974 100.039366
552.567274 101.852817
552.582574 100.353375
552.597873 95.874027
552.613173 89.570213
552.628472 83.009071
552.643772 77.856859
552.659072 75.322316
552.674371 76.138370
552.689671 80.080913
552.704971 86.116943
552.720270 92.725576
552.735570 98.314290
552.750869 101.479891
552.766169 101.391942
552.781469 98.115268
552.796768 92.462121
552.812068 85.785843
552.827368 79.781547
552.842667 75.913593
552.857967 75.359325
552.873267 78.081413
552.888566 83.330687
552.903866 89.841710
552.919165 96.081248
552.934465 100.460249
552.949765 101.877297
552.965064 99.914649
552.980364 95.066105
552.995664 88.649637
553.010963 82.147754
553.026263 77.207205
553.041562 75.158491
553.056862 76.499966
553.072162 80.890308
553.087461 87.131242
553.102761 93.679777
553.118061 98.976877
553.133360 101.785621
553.148660 101.165125
553.163959 97.377887
553.179259 91.411089
553.194559 84.747446
553.209858 79.002342
553.225158 75.598085
553.240458 75.531827
553.255757 78.825995
553.271057 84.504216
553.286357 91.109591
553.301656 97.126801
553.316956 101.099715
553.332255 101.866711
553.347555 99.347740
553.362855 94.102880
553.378154 87.542479
553.393454 81.178664
553.408754 76.585579
553.424053 75.080380
553.439353 77.035684
553.454652 81.979733
553.469952 88.530573
553.485252 94.968147
553.500551 99.862142
553.515851 101.964260
553.531151 100.713426
553.546450 96.400810
553.561750 90.200920
553.577049 83.556447
553.592349 78.168105
553.607649 75.277006
553.622948 75.902534
553.638248 79.777389
553.653548 85.869842
553.668847 92.556635
553.684147 98.272527
553.699446 101.517309
553.714746 101.537523
553.730046 98.278313
553.745345 92.623694
553.760645 86.060636
553.775945 80.019657
553.791244 76.095905
553.806544 75.244014
553.821844 77.862844
553.837143 83.329045
553.852443 90.059103
553.867742 96.426447
553.883042 100.757153
553.898342 102.018323
553.913641 99.799235
553.928941 94.848655
553.944241 88.427649
553.959540 82.071490
553.974840 77.248128
553.990139 75.214308
554.005439 76.546163
554.020739 80.911486
554.036038 87.366147
554.051338 94.134726
554.066638 99.554380
554.081937 102.122429
554.097237 101.094398
554.112536 96.905126
554.127836 90.658358
554.143136 84.125611
554.158435 78.742612
554.173735 75.810161
554.189035 75.851308
554.204334 79.167207
554.219634 84.897010
554.234934 91.650257
554.250233 97.762043
554.265533 101.602868
554.280832 102.037246
554.296132 98.850376
554.311432 93.097527
554.326731 86.249190
554.342031 80.235754
554.357331 76.398181
554.372630 75.615745
554.387930 77.982943
554.403229 82.834614
554.418529 89.246121
554.433829 95.579249
554.449128 100.428269
554.464428 102.227090
554.479728 100.412206
554.495027 95.448217
554.510327 88.676889
554.525626 82.148673
554.540926 77.069744
554.556226 75.268742
554.571525 76.978866
554.586825 81.333844
554.602125 87.327741
554.617424 93.694971
554.632724 98.974018
554.648024 101.866818
554.663323 101.425908
554.678623 97.667999
554.693922 91.368024
554.709222 84.279127
554.724522 78.854523
554.739821 75.617259
554.755121 75.715115
554.770421 79.647263
554.785720 85.601899
554.801020 92.043481
554.816319 97.659665
554.831619 101.315676
554.846919 101.677784
554.862218 99.099033
554.877518 93.818141
554.892818 86.951998
554.908117 80.471341
554.923417 76.732226
554.938716 75.673469
554.954016 77.692580
554.969316 83.450553
554.984615 90.265016
554.999915 96.368542
555.015215 100.605003
555.030514 102.124057
555.045814 99.886047
555.061114 95.413585
555.076413 89.317077
555.091713 82.742086
